2.53709612 0.10325624
 3.26927422 0.07682352
 7.40487748 0.02621743
 2.77463934 0.08964825
 3.29628932 0.07247715
 8.50101978 0.02269415
 6.18651677 0.02942845
 9.52270976 0.01990267
 3.09119505 0.07856018
 4.65202672 0.04201507
 5.40851794 0.03362409
 9.99773902 0.01944351
 2.33730113 0.19463511
 4.07309381 0.04682826
 8.21058527 0.02273142
 7.91492993 0.02520805
 6.04247537 0.03183119
 3.01288765 0.08122021
 5.02571883 0.03754733
 3.75420842 0.05216493
 2.50678405 0.12586644
 5.27750463 0.0355772 
 3.43324242 0.05763892
 4.93482347 0.03975257
 2.86836261 0.0880286 
 5.32729261 0.03453513
 6.66879297 0.02723289
 7.92150065 0.02351112