2.54304809 0.12257077
8.1567856 0.02656048
8.46951088 0.02566649
2.62202145 0.103688 
7.88241515 0.02699496
7.96812838 0.02690047
5.39092039 0.04084341
4.35970539 0.05034983
3.07792575 0.08253725
6.6897587 0.03181195
7.24349621 0.03003487
6.58640125 0.03327947
9.48850297 0.02245106
6.88618484 0.03093852
7.10385789 0.03062372
7.37932709 0.02946814
7.76049883 0.02761165
5.98823712 0.03610069
2.59588274 0.10876823
6.07974767 0.03583937
4.79237744 0.04436003
3.97277932 0.05662023
8.39587425 0.02611555
7.30533206 0.02974138
6.24260567 0.03444102
4.60454977 0.04607486
2.42405027 0.1423373 
5.90146523 0.03681313
7.59067301 0.02803071
5.3092868 0.04314636
6.39182485 0.03349214
5.5687441 0.03832393
5.98340813 0.0363178 
7.53202829 0.02843236
2.81532311 0.10234264
8.72917443 0.02450386
7.70883915 0.02771221
3.31225901 0.06687587
4.4415289 0.04885253
2.88013322 0.09734835
5.93492903 0.03665986
2.47840888 0.13544431
8.88437476 0.02392743
9.11789683 0.02332166
5.21114838 0.04413608
3.59530031 0.06547405
3.10691267 0.07351145
9.85021226 0.02217714
3.77310928 0.06131073
4.11706929 0.0529805 